 &plot nbnd=   8, nks=    81 /
            0.000000  0.000000  0.000000
   -5.699    6.314    6.314    6.314    8.910    8.910    8.910    9.938
            0.000000  0.050000  0.000000
   -5.688    6.246    6.265    6.265    8.882    8.973    8.973   10.004
            0.000000  0.100000  0.000000
   -5.667    6.055    6.124    6.124    8.800    9.149    9.149   10.185
            0.000000  0.150000  0.000000
   -5.612    5.772    5.931    5.931    8.675    9.410    9.410   10.435
            0.000000  0.200000  0.000000
   -5.534    5.429    5.706    5.706    8.518    9.731    9.731   10.694
            0.000000  0.250000  0.000000
   -5.435    5.047    5.467    5.467    8.341   10.093   10.093   10.869
            0.000000  0.300000  0.000000
   -5.313    4.640    5.225    5.225    8.154   10.483   10.483   10.853
            0.000000  0.350000  0.000000
   -5.169    4.216    4.988    4.988    7.965   10.626   10.894   10.894
            0.000000  0.400000  0.000000
   -5.017    3.767    4.758    4.758    7.766   10.239   11.303   11.303
            0.000000  0.450000  0.000000
   -4.823    3.327    4.544    4.544    7.593    9.870   11.744   11.744
            0.000000  0.500000  0.000000
   -4.617    2.880    4.343    4.343    7.432    9.472   12.191   12.191
            0.000000  0.550000  0.000000
   -4.389    2.432    4.159    4.159    7.287    9.088   12.646   12.646
            0.000000  0.600000  0.000000
   -4.141    1.982    3.992    3.992    7.161    8.728   13.108   13.108
            0.000000  0.650000  0.000000
   -3.888    1.481    3.842    3.842    7.042    8.391   13.523   13.523
            0.000000  0.700000  0.000000
   -3.594    1.034    3.715    3.715    6.959    8.091   13.995   13.995
            0.000000  0.750000  0.000000
   -3.289    0.590    3.604    3.604    6.900    7.824   14.470   14.470
            0.000000  0.800000  0.000000
   -2.975    0.152    3.513    3.513    6.838    7.590   14.947   14.947
            0.000000  0.850000  0.000000
   -2.635   -0.278    3.442    3.442    6.829    7.389   15.425   15.425
            0.000000  0.900000  0.000000
   -2.265   -0.700    3.392    3.392    6.858    7.221   15.894   15.894
            0.000000  0.950000  0.000000
   -1.894   -1.110    3.362    3.362    6.904    7.084   16.313   16.313
            0.000000  1.000000  0.000000
   -1.509   -1.509    3.351    3.351    6.979    6.979   16.525   16.525
           -0.025000  1.000000  0.000000
   -1.508   -1.508    3.343    3.343    6.994    6.994   16.501   16.501
           -0.050000  1.000000  0.000000
   -1.505   -1.505    3.317    3.317    7.041    7.041   16.425   16.425
           -0.075000  1.000000  0.000000
   -1.500   -1.500    3.276    3.276    7.117    7.117   16.288   16.288
           -0.100000  1.000000  0.000000
   -1.493   -1.493    3.221    3.221    7.220    7.220   16.090   16.090
           -0.125000  1.000000  0.000000
   -1.484   -1.484    3.156    3.156    7.348    7.348   15.841   15.841
           -0.150000  1.000000  0.000000
   -1.473   -1.473    3.083    3.083    7.498    7.498   15.557   15.557
           -0.175000  1.000000  0.000000
   -1.453   -1.453    3.005    3.005    7.670    7.670   15.258   15.258
           -0.200000  1.000000  0.000000
   -1.448   -1.448    2.924    2.924    7.851    7.851   14.932   14.932
           -0.225000  1.000000  0.000000
   -1.434   -1.434    2.843    2.843    8.052    8.052   14.605   14.605
           -0.250000  1.000000  0.000000
   -1.420   -1.420    2.762    2.762    8.268    8.268   14.275   14.275
           -0.275000  1.000000  0.000000
   -1.411   -1.411    2.685    2.685    8.493    8.493   13.943   13.943
           -0.300000  1.000000  0.000000
   -1.396   -1.396    2.612    2.612    8.730    8.730   13.611   13.611
           -0.325000  1.000000  0.000000
   -1.376   -1.376    2.545    2.545    8.980    8.980   13.290   13.290
           -0.350000  1.000000  0.000000
   -1.363   -1.363    2.484    2.484    9.235    9.235   12.963   12.963
           -0.375000  1.000000  0.000000
   -1.351   -1.351    2.431    2.431    9.495    9.495   12.642   12.642
           -0.400000  1.000000  0.000000
   -1.341   -1.341    2.387    2.387    9.760    9.760   12.328   12.328
           -0.425000  1.000000  0.000000
   -1.342   -1.342    2.351    2.351   10.021   10.021   12.020   12.020
           -0.450000  1.000000  0.000000
   -1.347   -1.347    2.324    2.324   10.275   10.275   11.727   11.727
           -0.475000  1.000000  0.000000
   -1.346   -1.346    2.308    2.308   10.496   10.496   11.487   11.487
           -0.500000  1.000000  0.000000
   -1.345   -1.345    2.303    2.303   10.599   10.599   11.378   11.378
           -0.512500  0.987500  0.000000
   -1.401   -1.290    2.259    2.352   10.501   10.634   11.387   11.438
           -0.525000  0.975000  0.000000
   -1.450   -1.240    2.218    2.409   10.328   10.653   11.477   11.528
           -0.537500  0.962500  0.000000
   -1.497   -1.187    2.178    2.475   10.121   10.658   11.613   11.630
           -0.550000  0.950000  0.000000
   -1.539   -1.132    2.141    2.549    9.903   10.658   11.745   11.774
           -0.562500  0.937500  0.000000
   -1.584   -1.097    2.105    2.629    9.681   10.647   11.868   11.937
           -0.575000  0.925000  0.000000
   -1.626   -1.066    2.071    2.715    9.459   10.633   11.998   12.107
           -0.587500  0.912500  0.000000
   -1.665   -1.040    2.040    2.806    9.241   10.616   12.135   12.282
           -0.600000  0.900000  0.000000
   -1.700   -1.012    2.011    2.902    9.031   10.599   12.276   12.462
           -0.612500  0.887500  0.000000
   -1.733   -0.992    1.984    3.001    8.825   10.582   12.420   12.646
           -0.625000  0.875000  0.000000
   -1.763   -0.976    1.960    3.101    8.627   10.565   12.568   12.832
           -0.637500  0.862500  0.000000
   -1.795   -0.964    1.937    3.202    8.438   10.544   12.714   13.017
           -0.650000  0.850000  0.000000
   -1.809   -0.950    1.917    3.302    8.264   10.534   12.868   13.213
           -0.662500  0.837500  0.000000
   -1.830   -0.941    1.899    3.399    8.099   10.521   13.020   13.405
           -0.675000  0.825000  0.000000
   -1.849   -0.934    1.884    3.491    7.949   10.509   13.173   13.599
           -0.687500  0.812500  0.000000
   -1.865   -0.928    1.870    3.574    7.816   10.498   13.325   13.794
           -0.700000  0.800000  0.000000
   -1.878   -0.923    1.860    3.648    7.702   10.490   13.475   13.988
           -0.712500  0.787500  0.000000
   -1.882   -0.920    1.852    3.709    7.610   10.484   13.630   14.181
           -0.725000  0.775000  0.000000
   -1.889   -0.917    1.846    3.755    7.542   10.480   13.765   14.365
           -0.737500  0.762500  0.000000
   -1.893   -0.916    1.842    3.783    7.501   10.477   13.873   14.485
           -0.750000  0.750000  0.000000
   -1.895   -0.916    1.841    3.793    7.487   10.476   13.919   14.439
           -0.712500  0.712500  0.000000
   -2.086   -0.727    1.745    3.929    7.644   11.254   13.454   13.965
           -0.675000  0.675000  0.000000
   -2.316   -0.513    1.726    4.081    7.820   12.025   13.006   13.549
           -0.637500  0.637500  0.000000
   -2.577   -0.272    1.778    4.246    8.012   12.574   12.576   13.398
           -0.600000  0.600000  0.000000
   -2.857   -0.006    1.891    4.423    8.216   12.167   12.433   13.215
           -0.562500  0.562500  0.000000
   -3.154    0.284    2.058    4.608    8.428   11.783   12.072   12.921
           -0.525000  0.525000 -0.000000
   -3.445    0.601    2.268    4.798    8.643   11.418   11.714   12.660
           -0.487500  0.487500  0.000000
   -3.723    0.950    2.517    4.992    8.870   11.082   11.385   12.437
           -0.450000  0.450000  0.000000
   -3.998    1.316    2.795    5.183    9.064   10.764   11.060   12.260
           -0.412500  0.412500  0.000000
   -4.258    1.705    3.101    5.368    9.230   10.470   10.756   12.135
           -0.375000  0.375000  0.000000
   -4.501    2.132    3.428    5.543    9.377   10.202   10.499   12.074
           -0.337500  0.337500  0.000000
   -4.736    2.560    3.773    5.700    9.444    9.957   10.230   12.041
           -0.300000  0.300000 -0.000000
   -4.933    3.021    4.132    5.844    9.479    9.738   10.007   12.041
           -0.262500  0.262500  0.000000
   -5.115    3.496    4.498    5.966    9.481    9.545    9.792   11.998
           -0.225000  0.225000  0.000000
   -5.274    3.978    4.864    6.067    9.376    9.441    9.592   11.837
           -0.187500  0.187500  0.000000
   -5.404    4.476    5.221    6.148    9.234    9.394    9.425   11.517
           -0.150000  0.150000  0.000000
   -5.516    4.966    5.556    6.209    9.117    9.264    9.320   11.085
           -0.112500  0.112500  0.000000
   -5.603    5.439    5.855    6.254    9.027    9.124    9.227   10.634
           -0.075000  0.075000  0.000000
   -5.665    5.865    6.096    6.285    8.962    9.011    9.107   10.254
           -0.037500  0.037500  0.000000
   -5.690    6.190    6.255    6.309    8.923    8.936    8.975   10.016
            0.000000  0.000000  0.000000
   -5.699    6.314    6.314    6.314    8.910    8.910    8.910    9.938
