Dynamical matrix file
File generated with the CellConstructor by Lorenzo Monacelli
1 1 0     1.8897259890000000     0.0000000000000000     0.0000000000000000     0.0000000000000000     0.0000000000000000     0.0000000000000000
Basis vectors
    2.9495460300000000     0.0000000000000000     0.0000000000000000
    1.4747730150000002     2.5543817916115379     0.0000000000000000
    1.4747730150000002     0.8514605972038461     2.4082942487839478
	1  'Au '  179524.0513667391205672
    1     1    -0.0000000000000002    -0.0000000000000001     0.0000000000000000

     Dynamical Matrix in cartesian axes

     q = (     0.084758806087     0.146806558531     0.103807913060 )

    1    1
     0.0377395830769591     0.0000000000000000        0.0052325496829548     0.0000000000000000        0.0037350983652421     0.0000000000000000
     0.0052325496829548     0.0000000000000000        0.0459857091689927     0.0000000000000000        0.0126702837327764     0.0000000000000000
     0.0037350983652422     0.0000000000000000        0.0126702837327764     0.0000000000000000        0.0371632218994053     0.0000000000000000

     Dynamical Matrix in cartesian axes

     q = (     0.084758806087    -0.146806558531    -0.103807913060 )

    1    1
     0.0377395830769591     0.0000000000000000       -0.0052325496829548     0.0000000000000000       -0.0037350983652422     0.0000000000000000
    -0.0052325496829548     0.0000000000000000        0.0459857091689927     0.0000000000000000        0.0126702837327764     0.0000000000000000
    -0.0037350983652422     0.0000000000000000        0.0126702837327764     0.0000000000000000        0.0371632218994053     0.0000000000000000

     Dynamical Matrix in cartesian axes

     q = (    -0.169517612173     0.000000000000     0.103807913060 )

    1    1
     0.0484556985979873     0.0000000000000000        0.0009544024977780     0.0000000000000000       -0.0128403367683622     0.0000000000000000
     0.0009544024977780     0.0000000000000000        0.0352695936479644     0.0000000000000000       -0.0031004517964548     0.0000000000000000
    -0.0128403367683622     0.0000000000000000       -0.0031004517964548     0.0000000000000000        0.0371632218994053     0.0000000000000000

     Dynamical Matrix in cartesian axes

     q = (     0.084758806087    -0.146806558531     0.103807913060 )

    1    1
     0.0393926566939812     0.0000000000000000       -0.0061869521807328     0.0000000000000000        0.0091052384031200     0.0000000000000000
    -0.0061869521807328     0.0000000000000000        0.0443326355519705     0.0000000000000000       -0.0095698319363216     0.0000000000000000
     0.0091052384031200     0.0000000000000000       -0.0095698319363216     0.0000000000000000        0.0371632218994053     0.0000000000000000

     Dynamical Matrix in cartesian axes

     q = (    -0.169517612173     0.000000000000    -0.103807913060 )

    1    1
     0.0484556985979873     0.0000000000000000       -0.0009544024977780     0.0000000000000000        0.0128403367683622     0.0000000000000000
    -0.0009544024977780     0.0000000000000000        0.0352695936479644     0.0000000000000000       -0.0031004517964548     0.0000000000000000
     0.0128403367683622     0.0000000000000000       -0.0031004517964548     0.0000000000000000        0.0371632218994053     0.0000000000000000

     Dynamical Matrix in cartesian axes

     q = (     0.084758806087     0.146806558531    -0.103807913060 )

    1    1
     0.0393926566939812     0.0000000000000000        0.0061869521807328     0.0000000000000000       -0.0091052384031200     0.0000000000000000
     0.0061869521807328     0.0000000000000000        0.0443326355519705     0.0000000000000000       -0.0095698319363216     0.0000000000000000
    -0.0091052384031200     0.0000000000000000       -0.0095698319363216     0.0000000000000000        0.0371632218994053     0.0000000000000000

     Dynamical Matrix in cartesian axes

     q = (    -0.084758806087    -0.146806558531    -0.103807913060 )

    1    1
     0.0377395830769591     0.0000000000000000        0.0052325496829548     0.0000000000000000        0.0037350983652421     0.0000000000000000
     0.0052325496829548     0.0000000000000000        0.0459857091689927     0.0000000000000000        0.0126702837327764     0.0000000000000000
     0.0037350983652422     0.0000000000000000        0.0126702837327764     0.0000000000000000        0.0371632218994053     0.0000000000000000

     Dynamical Matrix in cartesian axes

     q = (    -0.084758806087     0.146806558531     0.103807913060 )

    1    1
     0.0377395830769591     0.0000000000000000       -0.0052325496829548     0.0000000000000000       -0.0037350983652422     0.0000000000000000
    -0.0052325496829548     0.0000000000000000        0.0459857091689927     0.0000000000000000        0.0126702837327764     0.0000000000000000
    -0.0037350983652422     0.0000000000000000        0.0126702837327764     0.0000000000000000        0.0371632218994053     0.0000000000000000

     Dynamical Matrix in cartesian axes

     q = (     0.169517612173    -0.000000000000    -0.103807913060 )

    1    1
     0.0484556985979873     0.0000000000000000        0.0009544024977780     0.0000000000000000       -0.0128403367683622     0.0000000000000000
     0.0009544024977780     0.0000000000000000        0.0352695936479644     0.0000000000000000       -0.0031004517964548     0.0000000000000000
    -0.0128403367683622     0.0000000000000000       -0.0031004517964548     0.0000000000000000        0.0371632218994053     0.0000000000000000

     Dynamical Matrix in cartesian axes

     q = (    -0.084758806087     0.146806558531    -0.103807913060 )

    1    1
     0.0393926566939812     0.0000000000000000       -0.0061869521807328     0.0000000000000000        0.0091052384031200     0.0000000000000000
    -0.0061869521807328     0.0000000000000000        0.0443326355519705     0.0000000000000000       -0.0095698319363216     0.0000000000000000
     0.0091052384031200     0.0000000000000000       -0.0095698319363216     0.0000000000000000        0.0371632218994053     0.0000000000000000

     Dynamical Matrix in cartesian axes

     q = (     0.169517612173    -0.000000000000     0.103807913060 )

    1    1
     0.0484556985979873     0.0000000000000000       -0.0009544024977780     0.0000000000000000        0.0128403367683622     0.0000000000000000
    -0.0009544024977780     0.0000000000000000        0.0352695936479644     0.0000000000000000       -0.0031004517964548     0.0000000000000000
     0.0128403367683622     0.0000000000000000       -0.0031004517964548     0.0000000000000000        0.0371632218994053     0.0000000000000000

     Dynamical Matrix in cartesian axes

     q = (    -0.084758806087    -0.146806558531     0.103807913060 )

    1    1
     0.0393926566939812     0.0000000000000000        0.0061869521807328     0.0000000000000000       -0.0091052384031200     0.0000000000000000
     0.0061869521807328     0.0000000000000000        0.0443326355519705     0.0000000000000000       -0.0095698319363216     0.0000000000000000
    -0.0091052384031200     0.0000000000000000       -0.0095698319363216     0.0000000000000000        0.0371632218994053     0.0000000000000000

     Diagonalizing the dynamical matrix

     q = (     0.084758806087     0.146806558531     0.103807913060 )

***************************************************************************
   freq (    1) =     1.30291632 [THz] =    43.46060414 [cm-1]
(  -0.001646  0.000000  -0.578988  0.000000   0.815334  0.000000 )
   freq (    2) =     1.46515561 [THz] =    48.87232357 [cm-1]
(  -0.949155  0.000000   0.257577  0.000000   0.180996  0.000000 )
   freq (    3) =     1.85574918 [THz] =    61.90112080 [cm-1]
(  -0.314806  0.000000  -0.773580  0.000000  -0.549973  0.000000 )
***************************************************************************
