Dynamical matrix file
File generated with the CellConstructor by Lorenzo Monacelli
1 1 0     1.8897259890000000     0.0000000000000000     0.0000000000000000     0.0000000000000000     0.0000000000000000     0.0000000000000000
Basis vectors
    2.9495460300000000     0.0000000000000000     0.0000000000000000
    1.4747730150000002     2.5543817916115379     0.0000000000000000
    1.4747730150000002     0.8514605972038461     2.4082942487839478
	1  'Au '  179524.0513667391205672
    1     1    -0.0000000000000002    -0.0000000000000001     0.0000000000000000

     Dynamical Matrix in cartesian axes

     q = (     0.169517612173     0.097871039020    -0.034602637687 )

    1    1
     0.0484684576743456     0.0000000000000000        0.0116538643725751     0.0000000000000000       -0.0052139277392474     0.0000000000000000
     0.0116538643725751     0.0000000000000000        0.0350117342091343     0.0000000000000000       -0.0030102625837897     0.0000000000000000
    -0.0052139277392474     0.0000000000000000       -0.0030102625837897     0.0000000000000000        0.0374196984265601     0.0000000000000000

     Dynamical Matrix in cartesian axes

     q = (     0.169517612173    -0.097871039020     0.034602637687 )

    1    1
     0.0484684576743456     0.0000000000000000       -0.0116538643725751     0.0000000000000000        0.0052139277392474     0.0000000000000000
    -0.0116538643725751     0.0000000000000000        0.0350117342091343     0.0000000000000000       -0.0030102625837897     0.0000000000000000
     0.0052139277392474     0.0000000000000000       -0.0030102625837897     0.0000000000000000        0.0374196984265601     0.0000000000000000

     Dynamical Matrix in cartesian axes

     q = (    -0.169517612173     0.097871039020    -0.034602637687 )

    1    1
     0.0484684576743456     0.0000000000000000       -0.0116538643725751     0.0000000000000000        0.0052139277392474     0.0000000000000000
    -0.0116538643725751     0.0000000000000000        0.0350117342091343     0.0000000000000000       -0.0030102625837897     0.0000000000000000
     0.0052139277392474     0.0000000000000000       -0.0030102625837897     0.0000000000000000        0.0374196984265601     0.0000000000000000

     Dynamical Matrix in cartesian axes

     q = (     0.000000000000    -0.195742078041    -0.034602637687 )

    1    1
     0.0282833724765287     0.0000000000000000       -0.0000000000000000     0.0000000000000000       -0.0000000000000000     0.0000000000000000
    -0.0000000000000000     0.0000000000000000        0.0551968194069512     0.0000000000000000        0.0060205251675795     0.0000000000000000
    -0.0000000000000000     0.0000000000000000        0.0060205251675795     0.0000000000000000        0.0374196984265601     0.0000000000000000

     Dynamical Matrix in cartesian axes

     q = (    -0.169517612173    -0.097871039020     0.034602637687 )

    1    1
     0.0484684576743456     0.0000000000000000        0.0116538643725751     0.0000000000000000       -0.0052139277392474     0.0000000000000000
     0.0116538643725751     0.0000000000000000        0.0350117342091343     0.0000000000000000       -0.0030102625837897     0.0000000000000000
    -0.0052139277392474     0.0000000000000000       -0.0030102625837897     0.0000000000000000        0.0374196984265601     0.0000000000000000

     Dynamical Matrix in cartesian axes

     q = (     0.000000000000     0.195742078041     0.034602637687 )

    1    1
     0.0282833724765287     0.0000000000000000       -0.0000000000000000     0.0000000000000000       -0.0000000000000000     0.0000000000000000
    -0.0000000000000000     0.0000000000000000        0.0551968194069512     0.0000000000000000        0.0060205251675795     0.0000000000000000
    -0.0000000000000000     0.0000000000000000        0.0060205251675795     0.0000000000000000        0.0374196984265601     0.0000000000000000

     Diagonalizing the dynamical matrix

     q = (     0.169517612173     0.097871039020    -0.034602637687 )

***************************************************************************
   freq (    1) =     1.30580868 [THz] =    43.55708280 [cm-1]
(  -0.500000  0.000000   0.866025  0.000000   0.000000  0.000000 )
   freq (    2) =     1.46444169 [THz] =    48.84850965 [cm-1]
(   0.254004  0.000000   0.146649  0.000000   0.956021  0.000000 )
   freq (    3) =     1.85446408 [THz] =    61.85825429 [cm-1]
(  -0.827938  0.000000  -0.478010  0.000000   0.293299  0.000000 )
***************************************************************************
