 &plot nbnd=   8, nks=    81 /
            0.000000  0.000000  0.000000
   -5.822    6.226    6.226    6.226    8.797    8.797    8.797    9.708
            0.000000  0.050000  0.000000
   -5.811    6.154    6.178    6.178    8.768    8.858    8.858    9.778
            0.000000  0.100000  0.000000
   -5.778    5.955    6.047    6.047    8.685    9.030    9.030    9.968
            0.000000  0.150000  0.000000
   -5.722    5.662    5.858    5.858    8.558    9.285    9.285   10.231
            0.000000  0.200000  0.000000
   -5.645    5.309    5.638    5.638    8.399    9.598    9.598   10.503
            0.000000  0.250000  0.000000
   -5.545    4.918    5.404    5.404    8.218    9.950    9.950   10.689
            0.000000  0.300000  0.000000
   -5.424    4.503    5.167    5.167    8.028   10.331   10.331   10.676
            0.000000  0.350000  0.000000
   -5.281    4.074    4.934    4.934    7.836   10.449   10.732   10.732
            0.000000  0.400000  0.000000
   -5.116    3.634    4.711    4.711    7.649   10.101   11.148   11.148
            0.000000  0.450000  0.000000
   -4.930    3.188    4.500    4.500    7.471    9.711   11.576   11.576
            0.000000  0.500000  0.000000
   -4.723    2.738    4.302    4.302    7.306    9.318   12.014   12.014
            0.000000  0.550000  0.000000
   -4.496    2.286    4.121    4.121    7.158    8.939   12.459   12.459
            0.000000  0.600000  0.000000
   -4.248    1.834    3.957    3.957    7.029    8.583   12.910   12.910
            0.000000  0.650000  0.000000
   -3.981    1.383    3.810    3.810    6.921    8.255   13.368   13.368
            0.000000  0.700000  0.000000
   -3.695    0.935    3.682    3.682    6.835    7.959   13.829   13.829
            0.000000  0.750000  0.000000
   -3.389    0.490    3.573    3.573    6.773    7.694   14.296   14.296
            0.000000  0.800000  0.000000
   -3.066    0.052    3.484    3.484    6.735    7.462   14.767   14.767
            0.000000  0.850000  0.000000
   -2.726   -0.379    3.414    3.414    6.724    7.263   15.239   15.239
            0.000000  0.900000  0.000000
   -2.370   -0.800    3.364    3.364    6.741    7.097   15.706   15.706
            0.000000  0.950000  0.000000
   -1.998   -1.212    3.333    3.333    6.785    6.963   16.139   16.139
            0.000000  1.000000  0.000000
   -1.611   -1.611    3.323    3.323    6.859    6.859   16.378   16.378
           -0.025000  1.000000  0.000000
   -1.610   -1.610    3.315    3.315    6.875    6.875   16.353   16.353
           -0.050000  1.000000  0.000000
   -1.607   -1.607    3.289    3.289    6.921    6.921   16.273   16.273
           -0.075000  1.000000  0.000000
   -1.602   -1.602    3.247    3.247    6.997    6.997   16.127   16.127
           -0.100000  1.000000  0.000000
   -1.596   -1.596    3.192    3.192    7.101    7.101   15.917   15.917
           -0.125000  1.000000  0.000000
   -1.587   -1.587    3.127    3.127    7.228    7.228   15.658   15.658
           -0.150000  1.000000  0.000000
   -1.577   -1.577    3.054    3.054    7.378    7.378   15.370   15.370
           -0.175000  1.000000  0.000000
   -1.566   -1.566    2.975    2.975    7.546    7.546   15.062   15.062
           -0.200000  1.000000  0.000000
   -1.554   -1.554    2.894    2.894    7.732    7.732   14.744   14.744
           -0.225000  1.000000  0.000000
   -1.540   -1.540    2.813    2.813    7.933    7.933   14.419   14.419
           -0.250000  1.000000  0.000000
   -1.527   -1.527    2.732    2.732    8.146    8.146   14.092   14.092
           -0.275000  1.000000  0.000000
   -1.513   -1.513    2.655    2.655    8.372    8.372   13.764   13.764
           -0.300000  1.000000  0.000000
   -1.499   -1.499    2.582    2.582    8.607    8.607   13.437   13.437
           -0.325000  1.000000  0.000000
   -1.485   -1.485    2.515    2.515    8.852    8.852   13.112   13.112
           -0.350000  1.000000  0.000000
   -1.473   -1.473    2.455    2.455    9.103    9.103   12.791   12.791
           -0.375000  1.000000  0.000000
   -1.461   -1.461    2.402    2.402    9.361    9.361   12.475   12.475
           -0.400000  1.000000  0.000000
   -1.452   -1.452    2.358    2.358    9.622    9.622   12.166   12.166
           -0.425000  1.000000  0.000000
   -1.444   -1.444    2.323    2.323    9.883    9.883   11.868   11.868
           -0.450000  1.000000  0.000000
   -1.438   -1.438    2.298    2.298   10.134   10.134   11.591   11.591
           -0.475000  1.000000  0.000000
   -1.434   -1.434    2.283    2.283   10.347   10.347   11.362   11.362
           -0.500000  1.000000  0.000000
   -1.433   -1.433    2.277    2.277   10.444   10.444   11.259   11.259
           -0.512500  0.987500  0.000000
   -1.489   -1.377    2.234    2.326   10.351   10.479   11.264   11.319
           -0.525000  0.975000  0.000000
   -1.543   -1.327    2.192    2.383   10.184   10.498   11.349   11.398
           -0.537500  0.962500  0.000000
   -1.594   -1.282    2.153    2.448    9.983   10.504   11.475   11.495
           -0.550000  0.950000  0.000000
   -1.642   -1.241    2.115    2.520    9.768   10.501   11.605   11.622
           -0.562500  0.937500  0.000000
   -1.687   -1.205    2.079    2.599    9.549   10.492   11.725   11.782
           -0.575000  0.925000  0.000000
   -1.729   -1.173    2.046    2.684    9.330   10.478   11.853   11.948
           -0.587500  0.912500  0.000000
   -1.768   -1.145    2.015    2.775    9.115   10.463   11.987   12.121
           -0.600000  0.900000  0.000000
   -1.805   -1.121    1.986    2.869    8.905   10.446   12.126   12.298
           -0.612500  0.887500  0.000000
   -1.838   -1.101    1.959    2.968    8.700   10.430   12.268   12.478
           -0.625000  0.875000  0.000000
   -1.869   -1.083    1.934    3.068    8.504   10.413   12.413   12.661
           -0.637500  0.862500  0.000000
   -1.896   -1.069    1.912    3.169    8.317   10.398   12.560   12.848
           -0.650000  0.850000  0.000000
   -1.921   -1.056    1.892    3.268    8.141   10.383   12.709   13.036
           -0.662500  0.837500  0.000000
   -1.943   -1.046    1.874    3.365    7.977   10.370   12.859   13.227
           -0.675000  0.825000  0.000000
   -1.962   -1.038    1.859    3.456    7.827   10.359   13.010   13.419
           -0.687500  0.812500  0.000000
   -1.978   -1.031    1.846    3.540    7.695   10.348   13.160   13.613
           -0.700000  0.800000  0.000000
   -1.991   -1.026    1.835    3.614    7.581   10.340   13.308   13.807
           -0.712500  0.787500  0.000000
   -2.002   -1.022    1.827    3.675    7.489   10.334   13.451   14.002
           -0.725000  0.775000  0.000000
   -2.009   -1.020    1.821    3.721    7.421   10.329   13.585   14.194
           -0.737500  0.762500  0.000000
   -2.013   -1.018    1.817    3.750    7.380   10.326   13.693   14.281
           -0.750000  0.750000  0.000000
   -2.015   -1.018    1.816    3.759    7.366   10.325   13.739   14.235
           -0.712500  0.712500  0.000000
   -2.205   -0.827    1.719    3.894    7.524   11.089   13.280   13.780
           -0.675000  0.675000  0.000000
   -2.434   -0.610    1.699    4.044    7.699   11.836   12.838   13.390
           -0.637500  0.637500  0.000000
   -2.694   -0.367    1.748    4.207    7.890   12.348   12.414   13.273
           -0.600000  0.600000  0.000000
   -2.973   -0.099    1.859    4.381    8.093   12.011   12.232   13.095
           -0.562500  0.562500  0.000000
   -3.261    0.195    2.022    4.564    8.305   11.629   11.905   12.800
           -0.525000  0.525000 -0.000000
   -3.550    0.513    2.229    4.752    8.519   11.270   11.560   12.536
           -0.487500  0.487500  0.000000
   -3.834    0.856    2.473    4.942    8.728   10.934   11.225   12.309
           -0.450000  0.450000  0.000000
   -4.108    1.224    2.749    5.130    8.921   10.621   10.909   12.127
           -0.412500  0.412500  0.000000
   -4.367    1.614    3.053    5.312    9.088   10.332   10.613   11.997
           -0.375000  0.375000  0.000000
   -4.610    2.027    3.378    5.483    9.215   10.067   10.338   11.921
           -0.337500  0.337500  0.000000
   -4.833    2.462    3.721    5.640    9.294    9.827   10.085   11.892
           -0.300000  0.300000 -0.000000
   -5.036    2.916    4.077    5.778    9.327    9.611    9.852   11.882
           -0.262500  0.262500  0.000000
   -5.218    3.388    4.440    5.897    9.321    9.421    9.641   11.836
           -0.225000  0.225000  0.000000
   -5.376    3.873    4.802    5.995    9.256    9.287    9.450   11.674
           -0.187500  0.187500  0.000000
   -5.512    4.368    5.155    6.073    9.116    9.234    9.278   11.350
           -0.150000  0.150000  0.000000
   -5.623    4.863    5.487    6.132    9.001    9.125    9.168   10.909
           -0.112500  0.112500  0.000000
   -5.710    5.342    5.780    6.176    8.912    8.995    9.087   10.443
           -0.075000  0.075000  0.000000
   -5.772    5.775    6.016    6.204    8.848    8.890    8.981   10.045
           -0.037500  0.037500  0.000000
   -5.810    6.100    6.172    6.221    8.810    8.821    8.859    9.791
            0.000000  0.000000  0.000000
   -5.822    6.226    6.226    6.226    8.797    8.797    8.797    9.708
